2.0    0.025   4.0           2.85          40          0.08        3.0                40  1.0         2.0
2.0    0.025   4.0           2.85          40          0.08        3.0                40  1.5         2.0
2.0    0.025   4.0           2.85          40          0.08        3.0                40  2.0         2.0
2.0    0.025   4.0           2.85          40          0.08        3.0                40  1.0         1.5
2.0    0.025   4.0           2.85          40          0.08        3.0                40  1.0         2.5
2.0    0.025   4.5           2.85          40          0.08        3.0                40  1.0         2.0
2.0    0.025   5.0           2.85          40          0.08        3.0                40  1.0         2.0
2.0    0.025   3.5           2.85          40          0.08        3.0                40  1.0         2.0
2.0    0.025   4.0           2.85          40          0.05        3.0                60  1.0         2.0
2.0    0.025   4.0           2.85          40          0.06        3.0                50  1.0         2.0
2.0    0.025   4.0           2.85          25          0.08        3.0                40  1.0         2.0
2.0    0.025   4.0           2.85          60          0.08        3.0                40  1.0         2.0
2.0    0.020   4.0           2.85          40          0.08        3.0                40  1.0         2.0
2.0    0.030   4.0           2.85          40          0.08        3.0                40  1.0         2.0
2.0    0.025   4.0           2.85          40          0.08        2.0                40  1.0         2.0
2.0    0.025   4.0           2.85          40          0.08        4.0                40  1.0         2.0