2.0 0.025 3.0 4.0 100 0.08 3.0 100 1.0 2.75 4.0 1.5
2.0 0.025 3.0 4.0 200 0.08 3.0 200 1.0 2.75 4.0 1.5
2.0 0.025 3.0 4.0 300 0.08 3.0 300 1.0 2.75 4.0 1.5
2.0 0.025 3.0 4.0 400 0.08 3.0 400 1.0 2.75 4.0 1.5
2.0 0.025 3.0 4.0 500 0.08 3.0 500 1.0 2.75 4.0 1.5
2.0 0.025 3.0 4.0 600 0.08 3.0 600 1.0 2.75 4.0 1.5
2.0 0.025 3.0 4.0 700 0.08 3.0 700 1.0 2.75 4.0 1.5
2.0 0.025 3.0 4.0 800 0.08 3.0 800 1.0 2.75 4.0 1.5
2.0 0.025 3.0 4.0 900 0.08 3.0 900 1.0 2.75 4.0 1.5
2.0 0.025 3.0 4.0 1000 0.08 3.0 1000 1.0 2.75 4.0 1.5
2.0 0.025 3.0 4.0 100 0.08 3.0 100 1.0 2.75 4.0 1.6
2.0 0.025 3.0 4.0 200 0.08 3.0 200 1.0 2.75 4.0 1.6
2.0 0.025 3.0 4.0 300 0.08 3.0 300 1.0 2.75 4.0 1.6
2.0 0.025 3.0 4.0 400 0.08 3.0 400 1.0 2.75 4.0 1.6
2.0 0.025 3.0 4.0 500 0.08 3.0 500 1.0 2.75 4.0 1.6
2.0 0.025 3.0 4.0 600 0.08 3.0 600 1.0 2.75 4.0 1.6
2.0 0.025 3.0 4.0 700 0.08 3.0 700 1.0 2.75 4.0 1.6
2.0 0.025 3.0 4.0 800 0.08 3.0 800 1.0 2.75 4.0 1.6
2.0 0.025 3.0 4.0 900 0.08 3.0 900 1.0 2.75 4.0 1.6
2.0 0.025 3.0 4.0 1000 0.08 3.0 1000 1.0 2.75 4.0 1.6
2.0 0.025 3.0 4.0 100 0.08 3.0 100 1.0 2.75 4.0 1.7
2.0 0.025 3.0 4.0 200 0.08 3.0 200 1.0 2.75 4.0 1.7
2.0 0.025 3.0 4.0 300 0.08 3.0 300 1.0 2.75 4.0 1.7
2.0 0.025 3.0 4.0 400 0.08 3.0 400 1.0 2.75 4.0 1.7
2.0 0.025 3.0 4.0 500 0.08 3.0 500 1.0 2.75 4.0 1.7
2.0 0.025 3.0 4.0 600 0.08 3.0 600 1.0 2.75 4.0 1.7
2.0 0.025 3.0 4.0 700 0.08 3.0 700 1.0 2.75 4.0 1.7
2.0 0.025 3.0 4.0 800 0.08 3.0 800 1.0 2.75 4.0 1.7
2.0 0.025 3.0 4.0 900 0.08 3.0 900 1.0 2.75 4.0 1.7
2.0 0.025 3.0 4.0 1000 0.08 3.0 1000 1.0 2.75 4.0 1.7